 150.00000	   1.20750	   1.76024
 155.00000	   1.30794	   1.54387
 160.00000	   1.31481	   1.36413
 165.00000	   1.28596	   1.38923
 170.00000	   1.33006	   1.45883
 175.00000	   1.36610	   1.47573
 180.00000	   1.39020	   1.48624
 185.00000	   1.40919	   1.49100
 190.00000	   1.44491	   1.51035
 195.00000	   1.39972	   1.57222
 200.00000	   1.40539	   1.68392
 205.00000	   1.46613	   1.81258
 210.00000	   1.56742	   2.00079
 215.00000	   1.79467	   2.13619
 220.00000	   2.04787	   2.10029
 225.00000	   2.17557	   1.97032
 230.00000	   2.23048	   1.86918
 235.00000	   2.25256	   1.86194
 240.00000	   2.29187	   1.85619
 245.00000	   2.31797	   1.86937
 250.00000	   2.37590	   1.92615
 255.00000	   2.50761	   2.01381
 260.00000	   2.71226	   2.05123
 265.00000	   2.85758	   2.01875
 270.00000	   3.04014	   1.91725
 275.00000	   3.18410	   1.81374
 280.00000	   3.31452	   1.70620
 285.00000	   3.39432	   1.59769
 290.00000	   3.52086	   1.46661
 295.00000	   3.62422	   1.29624
 300.00000	   3.64065	   1.10807
 305.00000	   3.64137	   0.96907
 310.00000	   3.60010	   0.80017
 315.00000	   3.56248	   0.65688
 320.00000	   3.53892	   0.58458
 325.00000	   3.49407	   0.46260
 330.00000	   3.44789	   0.37664
 335.00000	   3.39365	   0.30546
 340.00000	   3.33408	   0.23737
 345.00000	   3.25558	   0.17480
 350.00000	   3.18909	   0.13868
 355.00000	   3.13522	   0.10093
 360.00000	   3.08289	   0.07927
 365.00000	   3.03127	   0.06113
 370.00000	   2.98581	   0.05280
 375.00000	   2.94888	   0.04408
 380.00000	   2.91151	   0.03515
 385.00000	   2.87376	   0.02599
 390.00000	   2.84311	   0.02429
 395.00000	   2.81214	   0.02456
 400.00000	   2.78083	   0.02483
 405.00000	   2.76169	   0.02501
 410.00000	   2.74785	   0.02513
 415.00000	   2.73394	   0.02469
 420.00000	   2.71994	   0.02262
 425.00000	   2.70587	   0.02052
 430.00000	   2.69173	   0.01841
 435.00000	   2.67756	   0.01627
 440.00000	   2.66358	   0.01411
 445.00000	   2.64953	   0.01192
 450.00000	   2.63540	   0.01048
 455.00000	   2.62121	   0.01054
 460.00000	   2.60694	   0.01060
 465.00000	   2.59259	   0.01066
 470.00000	   2.57816	   0.01071
 475.00000	   2.56365	   0.01078
 480.00000	   2.55202	   0.01082
 485.00000	   2.54754	   0.01084
 490.00000	   2.54306	   0.01061
 495.00000	   2.53856	   0.00897
 500.00000	   2.53405	   0.00733
 505.00000	   2.52954	   0.00567
 510.00000	   2.52502	   0.00402
 515.00000	   2.52049	   0.00235
 520.00000	   2.51596	   0.00068
 525.00000	   2.51142	  -0.00099
 530.00000	   2.50687	  -0.00268
 535.00000	   2.50170	  -0.00437
 540.00000	   2.49560	  -0.00506
 545.00000	   2.48948	  -0.00357
 550.00000	   2.48334	  -0.00208
 555.00000	   2.47719	  -0.00057
 560.00000	   2.47103	   0.00094
 565.00000	   2.46485	   0.00246
 570.00000	   2.45866	   0.00399
 575.00000	   2.45245	   0.00553
 580.00000	   2.44623	   0.00707
 585.00000	   2.43999	   0.00862
 590.00000	   2.43600	   0.01017
 595.00000	   2.43398	   0.01135
 600.00000	   2.43196	   0.01136
 605.00000	   2.42993	   0.01137
 610.00000	   2.42791	   0.01138
 615.00000	   2.42588	   0.01139
 620.00000	   2.42385	   0.01140
 625.00000	   2.42182	   0.01141
 630.00000	   2.41978	   0.01142
 635.00000	   2.41775	   0.01143
 640.00000	   2.41571	   0.01144
 645.00000	   2.41367	   0.01144
 650.00000	   2.41163	   0.01145
 655.00000	   2.40959	   0.01146
 660.00000	   2.40755	   0.01147
 665.00000	   2.40550	   0.01092
 670.00000	   2.40345	   0.01000
 675.00000	   2.40225	   0.00908
 680.00000	   2.40142	   0.00816
 685.00000	   2.40058	   0.00724
 690.00000	   2.39975	   0.00632
 695.00000	   2.39892	   0.00539
 700.00000	   2.39809	   0.00447
 705.00000	   2.39726	   0.00354
 710.00000	   2.39643	   0.00262
 715.00000	   2.39560	   0.00169
 720.00000	   2.39477	   0.00077
 725.00000	   2.39394	  -0.00016
 730.00000	   2.39311	  -0.00109
 735.00000	   2.39228	  -0.00202
 740.00000	   2.39145	  -0.00294
 745.00000	   2.39062	  -0.00387
 750.00000	   2.38979	  -0.00480
 755.00000	   2.38895	  -0.00574
 760.00000	   2.38812	  -0.00578
 765.00000	   2.38729	  -0.00579
 770.00000	   2.38646	  -0.00579
 775.00000	   2.38562	  -0.00579
 780.00000	   2.38476	  -0.00579
 785.00000	   2.38388	  -0.00579
 790.00000	   2.38301	  -0.00580
 795.00000	   2.38214	  -0.00580
 800.00000	   2.38127	  -0.00580
 805.00000	   2.38039	  -0.00580
 810.00000	   2.37952	  -0.00580
 815.00000	   2.37864	  -0.00581
 820.00000	   2.37777	  -0.00581
 825.00000	   2.37689	  -0.00581
 830.00000	   2.37602	  -0.00581
 835.00000	   2.37514	  -0.00582
 840.00000	   2.37427	  -0.00582
 845.00000	   2.37339	  -0.00582
 850.00000	   2.37251	  -0.00582
 855.00000	   2.37164	  -0.00582
 860.00000	   2.37076	  -0.00583
 865.00000	   2.36988	  -0.00583
 870.00000	   2.36900	  -0.00583
 875.00000	   2.36813	  -0.00583
 880.00000	   2.36680	  -0.00584
 885.00000	   2.36544	  -0.00584
 890.00000	   2.36408	  -0.00584
 895.00000	   2.36273	  -0.00585
 900.00000	   2.36137	  -0.00585
 905.00000	   2.36001	  -0.00585
 910.00000	   2.35864	  -0.00586
 915.00000	   2.35728	  -0.00586
 920.00000	   2.35592	  -0.00586
 925.00000	   2.35456	  -0.00587
 930.00000	   2.35319	  -0.00587
 935.00000	   2.35183	  -0.00587
 940.00000	   2.35046	  -0.00588
 945.00000	   2.34909	  -0.00588
 950.00000	   2.34773	  -0.00588
 955.00000	   2.34636	  -0.00589
 960.00000	   2.34499	  -0.00589
 965.00000	   2.34362	  -0.00589
 970.00000	   2.34225	  -0.00590
 975.00000	   2.34088	  -0.00590
 980.00000	   2.33951	  -0.00590
 985.00000	   2.33813	  -0.00591
 990.00000	   2.33676	  -0.00591
 995.00000	   2.33538	  -0.00591
1000.00000	   2.33401	  -0.00592
