12400.00000	   5.08000	  86.53000
8266.66667	   3.23000	  59.73000
6200.00000	   1.85000	  45.26000
4960.00000	   1.23000	  36.37000
4133.33333	   0.86000	  30.37000
3542.85714	   0.64000	  26.05000
3100.00000	   0.50000	  22.80000
2755.55556	   0.40000	  20.26000
2480.00000	   0.33000	  18.23000
2254.54545	   0.27000	  16.56000
2066.66667	   0.23000	  15.17000
1907.69231	   0.20000	  13.98000
1771.42857	   0.17000	  12.97000
1653.33333	   0.15000	  12.08000
1550.00000	   0.14000	  11.31000
1458.82353	   0.13000	  10.63000
1377.77778	   0.11000	  10.02000
1305.26316	   0.11000	   9.47000
1240.00000	   0.10000	   8.98000
1180.95238	   0.09000	   8.53000
1127.27273	   0.08000	   8.13000
1078.26087	   0.08000	   7.76000
1033.33333	   0.07000	   7.41000
 992.00000	   0.07000	   7.10000
 953.84615	   0.07000	   6.80000
 918.51852	   0.06000	   6.53000
 885.71429	   0.06000	   6.28000
 855.17241	   0.06000	   6.04000
 826.66667	   0.06000	   5.81000
 800.00000	   0.05000	   5.61000
 775.00000	   0.05000	   5.41000
 751.51515	   0.05000	   5.22000
 729.41176	   0.05000	   5.05000
 708.57143	   0.05000	   4.88000
 688.88889	   0.05000	   4.72000
 670.27027	   0.05000	   4.57000
 652.63158	   0.05000	   4.43000
 635.89744	   0.05000	   4.30000
 620.00000	   0.05000	   4.16000
 604.87805	   0.05000	   4.04000
 590.47619	   0.05000	   3.92000
 576.74419	   0.05000	   3.80000
 563.63636	   0.05000	   3.69000
 551.11111	   0.05000	   3.59000
 539.13043	   0.05000	   3.48000
 527.65957	   0.05000	   3.38000
 516.66667	   0.05000	   3.29000
 506.12245	   0.05000	   3.20000
 496.00000	   0.05000	   3.10000
 486.27451	   0.05000	   3.02000
 476.92308	   0.05000	   2.93000
 467.92453	   0.05000	   2.85000
 459.25926	   0.05000	   2.76000
 450.90909	   0.05000	   2.68000
 442.85714	   0.05000	   2.60000
 435.08772	   0.05000	   2.53000
 427.58621	   0.05000	   2.45000
 420.33898	   0.05000	   2.37000
 413.33333	   0.05000	   2.29000
 406.55738	   0.05000	   2.22000
 400.00000	   0.05000	   2.14000
 393.65079	   0.05000	   2.06000
 387.50000	   0.05000	   1.98000
 381.53846	   0.05000	   1.90000
 375.75758	   0.06000	   1.81000
 370.14925	   0.07000	   1.73000
 364.70588	   0.08000	   1.64000
 359.42029	   0.09000	   1.56000
 354.28571	   0.11000	   1.47000
 349.29577	   0.12000	   1.37000
 344.44444	   0.14000	   1.27000
 339.72603	   0.16000	   1.16000
 335.13514	   0.19000	   1.04000
 330.66667	   0.22000	   0.89000
 326.31579	   0.31000	   0.65000
 322.07792	   0.62000	   0.44000
 317.94872	   0.86000	   0.47000
 313.92405	   1.08000	   0.54000
 310.00000	   1.27000	   0.66000
 306.17284	   1.35000	   0.78000
 302.43902	   1.41000	   0.89000
 298.79518	   1.43000	   1.00000
 295.23810	   1.43000	   1.08000
 291.76471	   1.42000	   1.14000
 288.37209	   1.40000	   1.18000
 285.05747	   1.39000	   1.22000
 281.81818	   1.38000	   1.25000
 278.65169	   1.37000	   1.27000
 275.55556	   1.35000	   1.29000
 272.52747	   1.33000	   1.30000
 269.56522	   1.32000	   1.31000
 266.66667	   1.31000	   1.32000
 263.82979	   1.29000	   1.33000
 261.05263	   1.28000	   1.33000
 258.33333	   1.27000	   1.33000
 255.67010	   1.26000	   1.33000
 253.06122	   1.25000	   1.33000
 250.50505	   1.24000	   1.33000
 248.00000	   1.23000	   1.33000
 245.54455	   1.22000	   1.32000
 243.13725	   1.21000	   1.32000
 240.77670	   1.21000	   1.31000
 238.46154	   1.20000	   1.31000
 236.19048	   1.19000	   1.30000
 233.96226	   1.19000	   1.30000
 231.77570	   1.19000	   1.29000
 229.62963	   1.18000	   1.29000
 227.52294	   1.18000	   1.29000
 225.45455	   1.17000	   1.28000
 223.42342	   1.16000	   1.28000
 221.42857	   1.16000	   1.28000
 219.46903	   1.15000	   1.28000
 217.54386	   1.14000	   1.27000
 215.65217	   1.13000	   1.27000
 213.79310	   1.12000	   1.27000
 211.96581	   1.11000	   1.26000
 210.16949	   1.10000	   1.26000
 208.40336	   1.09000	   1.25000
 206.66667	   1.08000	   1.25000
 204.95868	   1.07000	   1.24000
 203.27869	   1.05000	   1.23000
 193.14642	   0.99000	   1.15000
 179.19075	   0.92000	   1.01000
 167.11590	   0.91000	   0.87000
 156.56566	   0.92000	   0.72000
 147.26841	   1.01000	   0.60000
 139.01345	   1.11000	   0.55000
 131.63482	   1.18000	   0.56000
 125.00000	   1.21000	   0.57000
 119.00192	   1.23000	   0.57000
 113.55311	   1.25000	   0.57000
 108.58144	   1.26000	   0.58000
 104.02685	   1.27000	   0.59000
  99.83897	   1.27000	   0.59000
  95.97523	   1.28000	   0.61000
  92.39940	   1.28000	   0.63000
  89.08046	   1.26000	   0.66000
  85.99168	   1.24000	   0.68000
  83.10992	   1.20000	   0.69000
  80.41505	   1.16000	   0.69000
  77.88945	   1.12000	   0.67000
  75.51766	   1.09000	   0.65000
  73.28605	   1.07000	   0.63000
  71.18255	   1.06000	   0.61000
  69.19643	   1.05000	   0.59000
  67.31813	   1.05000	   0.57000
  65.53911	   1.05000	   0.56000
  63.85170	   1.05000	   0.55000
  62.24900	   1.05000	   0.54000
  60.72478	   1.05000	   0.54000
  59.27342	   1.06000	   0.55000
  57.88982	   1.05000	   0.57000
  56.56934	   1.03000	   0.60000
  55.30776	   0.98000	   0.61000
  54.10122	   0.93000	   0.60000
  52.94620	   0.89000	   0.57000
  51.83946	   0.87000	   0.53000
  50.77805	   0.86000	   0.50000
  49.75923	   0.85000	   0.47000
  48.78049	   0.85000	   0.45000
  47.83951	   0.85000	   0.42000
  46.93414	   0.85000	   0.40000
  46.06241	   0.85000	   0.39000
  45.22247	   0.86000	   0.38000
  44.41261	   0.86000	   0.37000
  43.63125	   0.85000	   0.35000
  42.87690	   0.86000	   0.34000
  42.14820	   0.86000	   0.33000
