206.64	-0.055	3.822
206.99	-0.07	3.831
207.33	-0.085	3.84
207.68	-0.1	3.849
208.03	-0.114	3.857
208.38	-0.128	3.866
208.73	-0.142	3.875
209.08	-0.155	3.883
209.43	-0.168	3.892
209.79	-0.181	3.9
210.14	-0.194	3.908
210.5	-0.206	3.917
210.86	-0.218	3.925
211.22	-0.23	3.933
211.58	-0.242	3.941
211.94	-0.253	3.95
212.3	-0.265	3.958
212.67	-0.276	3.966
213.03	-0.287	3.974
213.4	-0.298	3.982
213.77	-0.308	3.99
214.14	-0.319	3.998
214.51	-0.33	4.006
214.88	-0.34	4.015
215.25	-0.35	4.023
215.62	-0.361	4.031
216	-0.371	4.039
216.38	-0.381	4.047
216.76	-0.391	4.055
217.14	-0.401	4.063
217.52	-0.412	4.072
217.9	-0.422	4.08
218.28	-0.432	4.088
218.67	-0.442	4.096
219.05	-0.452	4.105
219.44	-0.462	4.113
219.83	-0.472	4.121
220.22	-0.482	4.13
220.61	-0.492	4.138
221.01	-0.502	4.147
221.4	-0.512	4.155
221.8	-0.522	4.164
222.19	-0.532	4.172
222.59	-0.542	4.181
222.99	-0.553	4.19
223.39	-0.563	4.199
223.8	-0.573	4.207
224.2	-0.584	4.216
224.61	-0.594	4.225
225.02	-0.605	4.234
225.43	-0.615	4.243
225.84	-0.626	4.252
226.25	-0.637	4.262
226.66	-0.647	4.271
227.08	-0.658	4.28
227.49	-0.669	4.29
227.91	-0.68	4.299
228.33	-0.691	4.309
228.75	-0.702	4.318
229.18	-0.714	4.328
229.6	-0.725	4.337
230.03	-0.736	4.347
230.45	-0.748	4.357
230.88	-0.759	4.367
231.31	-0.771	4.377
231.75	-0.783	4.387
232.18	-0.795	4.397
232.62	-0.806	4.408
233.05	-0.818	4.418
233.49	-0.83	4.428
233.93	-0.843	4.439
234.37	-0.855	4.449
234.82	-0.867	4.46
235.26	-0.879	4.471
235.71	-0.892	4.482
236.16	-0.904	4.493
236.61	-0.917	4.504
237.06	-0.929	4.515
237.52	-0.942	4.526
237.97	-0.955	4.537
238.43	-0.968	4.549
238.89	-0.981	4.56
239.35	-0.994	4.572
239.81	-1.007	4.583
240.28	-1.02	4.595
240.75	-1.033	4.607
241.21	-1.047	4.619
241.68	-1.06	4.631
242.16	-1.074	4.643
242.63	-1.087	4.655
243.11	-1.101	4.667
243.58	-1.114	4.68
244.06	-1.128	4.692
244.54	-1.142	4.705
245.03	-1.156	4.718
245.51	-1.169	4.731
246	-1.183	4.744
246.49	-1.197	4.757
246.98	-1.211	4.77
247.47	-1.226	4.783
247.97	-1.24	4.796
248.47	-1.254	4.81
248.96	-1.268	4.823
249.47	-1.283	4.837
249.97	-1.297	4.851
250.47	-1.311	4.864
250.98	-1.326	4.878
251.49	-1.34	4.893
252	-1.355	4.907
252.51	-1.369	4.921
253.03	-1.384	4.935
253.55	-1.399	4.95
254.07	-1.413	4.965
254.59	-1.428	4.979
255.11	-1.443	4.994
255.64	-1.458	5.009
256.17	-1.473	5.024
256.7	-1.487	5.039
257.23	-1.502	5.054
257.76	-1.517	5.07
258.3	-1.532	5.085
258.84	-1.547	5.101
259.38	-1.562	5.117
259.92	-1.578	5.132
260.47	-1.593	5.148
261.02	-1.608	5.165
261.57	-1.623	5.181
262.12	-1.638	5.197
262.68	-1.653	5.213
263.24	-1.669	5.23
263.8	-1.684	5.246
264.36	-1.699	5.263
264.92	-1.715	5.28
265.49	-1.73	5.297
266.06	-1.745	5.314
266.63	-1.761	5.331
267.21	-1.776	5.348
267.78	-1.792	5.366
268.36	-1.807	5.383
268.95	-1.823	5.401
269.53	-1.838	5.419
270.12	-1.854	5.437
270.71	-1.87	5.455
271.3	-1.885	5.473
271.9	-1.901	5.491
272.49	-1.917	5.509
273.09	-1.932	5.528
273.7	-1.948	5.546
274.3	-1.964	5.565
274.91	-1.98	5.584
275.52	-1.995	5.603
276.13	-2.011	5.622
276.75	-2.027	5.641
277.37	-2.043	5.66
277.99	-2.059	5.68
278.62	-2.075	5.699
279.24	-2.091	5.719
279.87	-2.107	5.738
280.51	-2.123	5.758
281.14	-2.139	5.778
281.78	-2.155	5.798
282.42	-2.171	5.819
283.07	-2.187	5.839
283.72	-2.204	5.859
284.37	-2.22	5.88
285.02	-2.236	5.901
285.68	-2.253	5.921
286.34	-2.269	5.942
287	-2.285	5.963
287.67	-2.302	5.985
288.34	-2.318	6.006
289.01	-2.335	6.027
289.68	-2.352	6.049
290.36	-2.368	6.071
291.04	-2.385	6.092
291.73	-2.402	6.114
292.42	-2.419	6.136
293.11	-2.435	6.158
293.8	-2.452	6.181
294.5	-2.469	6.203
295.2	-2.486	6.226
295.9	-2.503	6.248
296.61	-2.521	6.271
297.32	-2.538	6.294
298.04	-2.555	6.317
298.76	-2.572	6.34
299.48	-2.59	6.364
300.2	-2.607	6.387
300.93	-2.625	6.411
301.66	-2.643	6.434
302.4	-2.66	6.458
303.14	-2.678	6.482
303.88	-2.696	6.506
304.63	-2.714	6.53
305.38	-2.732	6.555
306.13	-2.75	6.579
306.89	-2.768	6.604
307.65	-2.786	6.629
308.42	-2.805	6.654
309.19	-2.823	6.679
309.96	-2.842	6.704
310.74	-2.86	6.729
311.52	-2.879	6.754
312.3	-2.898	6.78
313.09	-2.917	6.806
313.88	-2.936	6.832
314.68	-2.955	6.858
315.48	-2.974	6.884
316.29	-2.994	6.91
317.1	-3.013	6.937
317.91	-3.033	6.963
318.73	-3.052	6.99
319.55	-3.072	7.017
320.37	-3.092	7.044
321.2	-3.112	7.071
322.04	-3.132	7.099
322.88	-3.152	7.126
323.72	-3.173	7.154
324.57	-3.193	7.182
325.42	-3.214	7.21
326.27	-3.235	7.238
327.14	-3.256	7.266
328	-3.277	7.295
328.87	-3.298	7.324
329.75	-3.319	7.353
330.62	-3.341	7.382
331.51	-3.362	7.411
332.4	-3.384	7.44
333.29	-3.406	7.47
334.19	-3.428	7.5
335.09	-3.45	7.529
336	-3.473	7.56
336.91	-3.495	7.59
337.83	-3.518	7.62
338.75	-3.541	7.651
339.68	-3.564	7.682
340.62	-3.587	7.713
341.55	-3.61	7.744
342.5	-3.634	7.776
343.45	-3.658	7.807
344.4	-3.682	7.839
345.36	-3.706	7.871
346.32	-3.73	7.903
347.29	-3.754	7.936
348.27	-3.779	7.969
349.25	-3.803	8.001
350.24	-3.828	8.035
351.23	-3.854	8.068
352.23	-3.879	8.101
353.23	-3.904	8.135
354.24	-3.93	8.169
355.26	-3.956	8.203
356.28	-3.982	8.238
357.3	-4.008	8.273
358.34	-4.035	8.308
359.37	-4.061	8.343
360.42	-4.088	8.378
361.47	-4.115	8.414
362.53	-4.143	8.45
363.59	-4.17	8.486
364.66	-4.198	8.522
365.74	-4.226	8.559
366.82	-4.254	8.596
367.91	-4.282	8.633
369	-4.311	8.671
370.1	-4.339	8.709
371.21	-4.368	8.747
372.32	-4.398	8.785
373.45	-4.427	8.824
374.57	-4.457	8.863
375.71	-4.487	8.902
376.85	-4.517	8.942
378	-4.547	8.981
379.16	-4.578	9.021
380.32	-4.608	9.062
381.49	-4.64	9.103
382.67	-4.671	9.144
383.85	-4.702	9.185
385.04	-4.734	9.227
386.24	-4.766	9.269
387.45	-4.798	9.311
388.67	-4.831	9.354
389.89	-4.864	9.397
391.12	-4.897	9.441
392.36	-4.93	9.484
393.6	-4.963	9.528
394.85	-4.997	9.573
396.12	-5.031	9.618
397.39	-5.065	9.663
398.66	-5.1	9.709
399.95	-5.135	9.755
401.24	-5.17	9.801
402.55	-5.205	9.848
403.86	-5.241	9.895
405.18	-5.277	9.942
406.51	-5.313	9.99
407.84	-5.349	10.039
409.19	-5.386	10.087
410.54	-5.423	10.137
411.91	-5.46	10.186
413.28	-5.498	10.236
414.66	-5.535	10.287
416.05	-5.574	10.338
417.46	-5.612	10.389
418.87	-5.651	10.441
420.29	-5.69	10.493
421.71	-5.729	10.546
423.15	-5.768	10.599
424.6	-5.808	10.653
426.06	-5.849	10.707
427.53	-5.889	10.762
429.01	-5.93	10.817
430.5	-5.971	10.873
432	-6.012	10.929
433.51	-6.054	10.986
435.03	-6.096	11.043
436.56	-6.139	11.101
438.11	-6.181	11.16
439.66	-6.224	11.218
441.22	-6.268	11.278
442.8	-6.311	11.338
444.39	-6.355	11.399
445.99	-6.4	11.46
447.6	-6.444	11.521
449.22	-6.489	11.584
450.85	-6.535	11.647
452.5	-6.581	11.71
454.15	-6.627	11.774
455.82	-6.673	11.839
457.51	-6.72	11.905
459.2	-6.767	11.971
460.91	-6.815	12.037
462.63	-6.863	12.105
464.36	-6.911	12.173
466.11	-6.96	12.242
467.86	-7.009	12.311
469.64	-7.058	12.381
471.42	-7.108	12.452
473.22	-7.158	12.523
475.04	-7.209	12.595
476.86	-7.26	12.668
478.7	-7.312	12.742
480.56	-7.364	12.816
482.43	-7.416	12.892
484.31	-7.469	12.968
486.21	-7.522	13.044
488.13	-7.576	13.122
490.06	-7.63	13.2
492	-7.684	13.279
493.96	-7.739	13.359
495.94	-7.795	13.44
497.93	-7.851	13.522
499.94	-7.907	13.604
501.96	-7.964	13.688
504	-8.021	13.772
506.06	-8.079	13.857
508.13	-8.138	13.943
510.22	-8.197	14.03
512.33	-8.256	14.118
514.46	-8.316	14.207
516.6	-8.376	14.297
518.76	-8.437	14.387
520.94	-8.499	14.479
523.14	-8.561	14.572
525.36	-8.623	14.666
527.59	-8.687	14.761
529.85	-8.75	14.856
532.12	-8.815	14.953
534.41	-8.88	15.051
536.73	-8.945	15.151
539.06	-9.011	15.251
541.42	-9.078	15.352
543.79	-9.145	15.455
546.19	-9.213	15.558
548.6	-9.282	15.663
551.04	-9.351	15.769
553.5	-9.421	15.877
555.98	-9.492	15.985
558.49	-9.563	16.094999
561.01	-9.635	16.205999
563.56	-9.708	16.319
566.14	-9.781	16.431999
568.73	-9.855	16.547001
571.36	-9.93	16.664
574		-10.006	16.782
576.67	-10.082	16.900999
579.37	-10.159	17.021999
582.09	-10.237	17.143999
584.83	-10.316	17.268
587.6	-10.395	17.393
590.4	-10.476	17.518999
593.23	-10.557	17.648001
596.08	-10.639	17.778
598.96	-10.722	17.909
601.87	-10.805	18.042
604.8	-10.89	18.177
607.77	-10.975	18.313999
610.76	-11.061	18.452
613.78	-11.149	18.591999
616.84	-11.237	18.733999
619.92	-11.326	18.878
623.04	-11.416	19.023001
626.18	-11.507	19.171
629.36	-11.599	19.32
632.57	-11.692	19.472
635.82	-11.786	19.625
639.09	-11.881	19.781
642.41	-11.977	19.938999
645.75	-12.074	20.099001
649.13	-12.172	20.261
652.55	-12.271	20.424999
656		-12.371	20.591
659.49	-12.472	20.76
663.02	-12.575	20.931999
666.58	-12.678	21.105
670.18	-12.783	21.281
673.83	-12.889	21.459999
677.51	-12.996	21.641001
681.23	-13.104	21.825001
685		-13.213	22.011999
688.8	-13.324	22.201
692.65	-13.436	22.393
696.54	-13.549	22.587999
700.48	-13.663	22.785999
704.46	-13.778	22.987
708.48	-13.895	23.191
712.55	-14.013	23.398001
716.67	-14.132	23.608999
720.84	-14.253	23.822001
725.05	-14.375	24.039
729.32	-14.498	24.259001
733.63	-14.622	24.483
738		-14.748	24.711
742.42	-14.875	24.941999
746.89	-15.004	25.176001
751.42	-15.134	25.415001
756		-15.265	25.657
760.64	-15.398	25.903999
765.33	-15.532	26.155001
770.09	-15.667	26.409
774.9	-15.804	26.669001
779.77	-15.942	26.931999
784.71	-16.082001	27.200001
789.71	-16.223	27.473
794.77	-16.365999	27.75
799.9	-16.51	28.032
805.09	-16.655001	28.319
810.35	-16.802	28.611
815.69	-16.950001	28.909
821.09	-17.099001	29.211
826.56	-17.25	29.52
832.11	-17.403	29.833
837.73	-17.556	30.153
843.43	-17.712	30.478001
849.21	-17.868	30.809999
855.06	-18.025999	31.146999
861		-18.184999	31.490999
867.02	-18.346001	31.841
873.13	-18.507999	32.198002
879.32	-18.671	32.562
885.6	-18.834999	32.932999
891.97	-19.000999	33.311001
898.44	-19.167999	33.695999
904.99	-19.336	34.089001
911.65	-19.506001	34.490002
918.4	-19.676001	34.898998
925.26	-19.848	35.314999
932.21	-20.02	35.740002
939.27	-20.194	36.174
946.44	-20.368999	36.617001
953.72	-20.544001	37.068001
961.12	-20.719999	37.528999
968.63	-20.898001	37.999001
976.25	-21.076	38.479
984		-21.254	38.969002
991.87	-21.434	39.470001
999.87	-21.614	39.980999
1008	-21.794001	40.501999
1016.26	-21.975	41.035
1024.66	-22.156	41.580002
1033.2	-22.337	42.136002
1041.88	-22.518	42.703999
1050.71	-22.698999	43.284
1059.69	-22.881001	43.876999
1068.83	-23.062	44.483002
1078.12	-23.242001	45.103001
1087.58	-23.423	45.736
1097.21	-23.601999	46.383999
1107	-23.781	47.046001
1116.97	-23.959	47.722
1127.13	-24.135	48.414001
1137.47	-24.311001	49.122002
1148	-24.485001	49.846001
1158.73	-24.657	50.587002
1169.66	-24.827999	51.344002
1180.8	-24.996	52.118999
1192.16	-25.163	52.911999
1203.73	-25.326	53.723
1215.53	-25.487	54.553001
1227.57	-25.645	55.402
1239.84	-25.799999	56.271999
