100	0.24124	0.91966
101	0.24192	0.93014
102	0.24262	0.94061
103	0.24334	0.95106
104	0.24408	0.9615
105	0.24483	0.97193
106	0.2456	0.98234
107	0.24638	0.99274
108	0.24719	1.0031
109	0.24801	1.0135
110	0.24884	1.0239
111	0.2497	1.0342
112	0.25056	1.0445
113	0.25144	1.0549
114	0.25234	1.0652
115	0.25324	1.0755
116	0.25416	1.0858
117	0.25511	1.096
118	0.25605	1.1063
119	0.25702	1.1166
120	0.25801	1.1268
121	0.259	1.137
122	0.26001	1.1473
123	0.26102	1.1575
124	0.26205	1.1677
125	0.2631	1.1779
126	0.26415	1.1881
127	0.26522	1.1983
128	0.2663	1.2084
129	0.2674	1.2186
130	0.26851	1.2287
131	0.26963	1.2389
132	0.27076	1.249
133	0.2719	1.2591
134	0.27305	1.2693
135	0.27422	1.2794
136	0.2754	1.2895
137	0.27659	1.2995
138	0.27779	1.3096
139	0.279	1.3197
140	0.28023	1.3298
141	0.28146	1.3399
142	0.28271	1.3499
143	0.28396	1.3599
144	0.28523	1.37
145	0.28652	1.38
146	0.28781	1.39
147	0.2891	1.4
148	0.29042	1.4101
149	0.29174	1.42
150	0.29307	1.43
151	0.29441	1.44
152	0.29577	1.45
153	0.29713	1.46
154	0.29851	1.4699
155	0.29989	1.4799
156	0.30129	1.4899
157	0.3027	1.4998
158	0.30411	1.5097
159	0.30554	1.5197
160	0.30698	1.5296
161	0.30842	1.5395
162	0.30988	1.5494
163	0.31135	1.5593
164	0.31282	1.5692
165	0.31431	1.5791
166	0.3158	1.589
167	0.31732	1.5989
168	0.31882	1.6087
169	0.32034	1.6186
170	0.3219	1.6285
171	0.32344	1.6383
172	0.32499	1.6482
173	0.32656	1.658
174	0.32811	1.6679
175	0.32971	1.6777
176	0.33132	1.6875
177	0.33291	1.6973
178	0.33451	1.7071
179	0.33615	1.7169
180	0.33778	1.7267
181	0.33941	1.7365
182	0.34106	1.7463
183	0.34272	1.7561
184	0.34439	1.7659
185	0.34607	1.7756
186	0.34777	1.7854
187	0.34947	1.7952
188	0.35115	1.8049
189	0.35287	1.8147
190	0.35461	1.8244
191	0.35633	1.8341
192	0.35808	1.8439
193	0.35982	1.8536
194	0.36159	1.8633
195	0.36334	1.873
196	0.36513	1.8827
197	0.36691	1.8924
198	0.36872	1.9021
199	0.37051	1.9118
200	0.37234	1.9215
201	0.37415	1.9312
202	0.37599	1.9409
203	0.37782	1.9505
204	0.37968	1.9602
205	0.38155	1.9698
206	0.38341	1.9795
207	0.38529	1.9891
208	0.38716	1.9988
209	0.38907	2.0084
210	0.39097	2.018
211	0.39286	2.0277
212	0.39479	2.0373
213	0.39672	2.0469
214	0.39867	2.0565
215	0.40061	2.0661
216	0.40257	2.0757
217	0.40452	2.0853
218	0.40649	2.0949
219	0.40847	2.1044
220	0.41045	2.114
221	0.41246	2.1236
222	0.41446	2.1331
223	0.41648	2.1427
224	0.41849	2.1523
225	0.42053	2.1618
226	0.42257	2.1714
227	0.42462	2.1809
228	0.42668	2.1904
229	0.42874	2.1999
230	0.43081	2.2095
231	0.43288	2.219
232	0.43498	2.2285
233	0.43707	2.238
234	0.43918	2.2475
235	0.4413	2.257
236	0.44341	2.2664
237	0.44553	2.2759
238	0.44769	2.2854
239	0.44983	2.2949
240	0.45198	2.3043
241	0.45415	2.3138
242	0.45632	2.3232
243	0.45848	2.3327
244	0.46067	2.3421
245	0.46288	2.3516
246	0.46508	2.361
247	0.46728	2.3704
248	0.46951	2.3798
249	0.47174	2.3892
250	0.47397	2.3987
251	0.47622	2.408
252	0.47846	2.4174
253	0.48073	2.4268
254	0.48298	2.4362
255	0.48526	2.4456
256	0.48754	2.455
257	0.48984	2.4644
258	0.49213	2.4737
259	0.49445	2.4831
260	0.49675	2.4924
261	0.49907	2.5018
262	0.50141	2.5111
263	0.50374	2.5204
264	0.50609	2.5298
265	0.50843	2.5391
266	0.5108	2.5484
267	0.51317	2.5577
268	0.51554	2.567
269	0.51792	2.5763
270	0.52032	2.5856
271	0.52271	2.5949
272	0.52511	2.6042
273	0.52753	2.6135
274	0.52995	2.6228
275	0.53238	2.632
276	0.53481	2.6413
277	0.53726	2.6506
278	0.53972	2.6598
279	0.54217	2.6691
280	0.54464	2.6783
281	0.5471	2.6875
282	0.54958	2.6968
283	0.55207	2.706
284	0.55458	2.7152
285	0.55707	2.7244
286	0.55959	2.7336
287	0.5621	2.7428
288	0.56462	2.752
289	0.56716	2.7612
290	0.5697	2.7704
291	0.57224	2.7796
292	0.57479	2.7887
293	0.57736	2.7979
294	0.57993	2.8071
295	0.5825	2.8162
296	0.58509	2.8254
297	0.58768	2.8345
298	0.59028	2.8437
299	0.59288	2.8528
300	0.59549	2.8619
301	0.59811	2.871
302	0.60073	2.8802
303	0.60337	2.8893
304	0.60601	2.8984
305	0.60866	2.9075
306	0.61132	2.9166
307	0.61397	2.9256
308	0.61663	2.9347
309	0.61932	2.9438
310	0.62201	2.9529
311	0.62469	2.9619
312	0.62738	2.971
313	0.63009	2.98
314	0.6328	2.9891
315	0.63551	2.9981
316	0.63825	3.0072
317	0.64096	3.0162
318	0.64371	3.0252
319	0.64644	3.0342
320	0.64919	3.0432
321	0.65195	3.0522
322	0.65472	3.0612
323	0.65749	3.0702
324	0.66027	3.0792
325	0.66306	3.0882
326	0.66585	3.0972
327	0.66864	3.1061
328	0.67146	3.1151
329	0.67427	3.1241
330	0.67708	3.133
331	0.6799	3.142
332	0.68273	3.1509
333	0.68558	3.1598
334	0.68841	3.1688
335	0.69126	3.1777
336	0.69413	3.1866
337	0.697	3.1955
338	0.69986	3.2044
339	0.70273	3.2133
340	0.70562	3.2222
341	0.70851	3.2311
342	0.71141	3.24
343	0.71429	3.2489
344	0.71723	3.2577
345	0.72013	3.2666
346	0.72304	3.2755
347	0.726	3.2842
348	0.72892	3.2931
349	0.73186	3.3019
350	0.73482	3.3107
351	0.73775	3.3197
352	0.74072	3.3285
353	0.74369	3.3372
354	0.74664	3.3461
355	0.74965	3.3548
356	0.75261	3.3637
357	0.75562	3.3724
358	0.75862	3.3812
359	0.76161	3.39
360	0.76463	3.3988
361	0.76764	3.4075
362	0.77066	3.4163
363	0.77369	3.425
364	0.77671	3.4338
365	0.77976	3.4425
366	0.78283	3.4512
367	0.78587	3.46
368	0.78891	3.4688
369	0.792	3.4774
370	0.79506	3.4861
371	0.79813	3.4949
372	0.80121	3.5036
373	0.8043	3.5122
374	0.8074	3.5209
375	0.81051	3.5296
376	0.81362	3.5382
377	0.81671	3.547
378	0.81984	3.5556
379	0.82294	3.5643
380	0.82609	3.5729
381	0.82922	3.5816
382	0.83235	3.5902
383	0.83552	3.5988
384	0.83866	3.6074
385	0.84182	3.616
386	0.84498	3.6246
387	0.84816	3.6332
388	0.85134	3.6418
389	0.8545	3.6505
390	0.8577	3.659
391	0.86089	3.6676
392	0.86408	3.6762
393	0.8673	3.6847
394	0.8705	3.6933
395	0.8737	3.7019
396	0.87694	3.7104
397	0.88016	3.719
398	0.88339	3.7275
399	0.88662	3.7361
400	0.88986	3.7446
401	0.89312	3.7531
402	0.89638	3.7616
403	0.89964	3.7701
404	0.90288	3.7786
405	0.90616	3.7871
406	0.90945	3.7955
407	0.91272	3.8041
408	0.91602	3.8125
409	0.91929	3.821
410	0.92258	3.8295
411	0.9259	3.8379
412	0.92921	3.8464
413	0.93251	3.8548
414	0.93583	3.8633
415	0.93915	3.8717
416	0.94247	3.8801
417	0.94581	3.8885
418	0.94916	3.8969
419	0.9525	3.9053
420	0.95583	3.9138
421	0.9592	3.9221
422	0.96257	3.9305
423	0.96592	3.9389
424	0.9693	3.9472
425	0.97266	3.9556
426	0.97607	3.9639
427	0.97944	3.9723
428	0.98282	3.9807
429	0.98621	3.9891
430	0.98963	3.9973
431	0.99304	4.0056
432	0.99645	4.014
433	0.99986	4.0223
434	1.0033	4.0306
435	1.0067	4.0389
436	1.0101	4.0473
437	1.0136	4.0555
438	1.017	4.0638
439	1.0205	4.072
440	1.0239	4.0804
441	1.0274	4.0886
442	1.0308	4.0969
443	1.0343	4.1051
444	1.0377	4.1134
445	1.0412	4.1215
446	1.0447	4.1298
447	1.0482	4.1381
448	1.0517	4.1463
449	1.0552	4.1544
450	1.0587	4.1627
451	1.0622	4.1709
452	1.0657	4.1791
453	1.0692	4.1873
454	1.0727	4.1954
455	1.0762	4.2036
456	1.0797	4.2118
457	1.0833	4.22
458	1.0868	4.2281
459	1.0903	4.2363
460	1.0939	4.2444
461	1.0974	4.2526
462	1.101	4.2607
463	1.1045	4.2688
464	1.1081	4.2769
465	1.1117	4.2851
466	1.1152	4.2931
467	1.1188	4.3012
468	1.1224	4.3093
469	1.126	4.3174
470	1.1296	4.3255
471	1.1331	4.3336
472	1.1368	4.3416
473	1.1404	4.3496
474	1.144	4.3577
475	1.1476	4.3658
476	1.1512	4.3738
477	1.1548	4.3818
478	1.1585	4.3899
479	1.162	4.3979
480	1.1657	4.4059
481	1.1694	4.4139
482	1.1729	4.422
483	1.1765	4.4299
484	1.1803	4.4379
485	1.1839	4.4459
486	1.1875	4.4539
487	1.1912	4.4618
488	1.1949	4.4698
489	1.1986	4.4778
490	1.2023	4.4857
491	1.2059	4.4937
492	1.2096	4.5016
493	1.2132	4.5095
494	1.217	4.5174
495	1.2207	4.5254
496	1.2244	4.5332
497	1.228	4.5411
498	1.2318	4.5491
499	1.2355	4.5569
500	1.2392	4.5648
501	1.2429	4.5727
502	1.2466	4.5806
503	1.2503	4.5884
504	1.2541	4.5963
505	1.2578	4.6041
506	1.2615	4.612
507	1.2653	4.6198
508	1.269	4.6277
509	1.2728	4.6355
510	1.2766	4.6433
511	1.2802	4.6511
512	1.284	4.6589
513	1.2878	4.6667
514	1.2916	4.6745
515	1.2953	4.6823
516	1.2991	4.6901
517	1.3029	4.6979
518	1.3066	4.7057
519	1.3104	4.7134
520	1.3142	4.7211
521	1.3181	4.7289
522	1.3218	4.7367
523	1.3257	4.7444
524	1.3294	4.7521
525	1.3332	4.7599
526	1.3371	4.7676
527	1.3409	4.7752
528	1.3447	4.783
529	1.3485	4.7907
530	1.3523	4.7983
531	1.3561	4.806
532	1.36	4.8137
533	1.3638	4.8214
534	1.3677	4.829
535	1.3715	4.8367
536	1.3753	4.8443
537	1.3792	4.852
538	1.383	4.8596
539	1.3869	4.8673
540	1.3908	4.875
541	1.3947	4.8825
542	1.3985	4.8902
543	1.4024	4.8977
544	1.4062	4.9053
545	1.4101	4.913
546	1.414	4.9205
547	1.4179	4.9281
548	1.4218	4.9357
549	1.4257	4.9432
550	1.4296	4.9508
551	1.4334	4.9584
552	1.4373	4.966
553	1.4413	4.9735
554	1.4451	4.981
555	1.449	4.9886
556	1.4529	4.9961
557	1.4569	5.0035
558	1.4608	5.0111
559	1.4647	5.0186
560	1.4686	5.0261
561	1.4725	5.0336
562	1.4765	5.041
563	1.4804	5.0485
564	1.4844	5.056
565	1.4883	5.0635
566	1.4922	5.071
567	1.4961	5.0784
568	1.5002	5.0858
569	1.5041	5.0932
570	1.508	5.1007
571	1.512	5.1081
572	1.516	5.1156
573	1.5199	5.123
574	1.5239	5.1304
575	1.5278	5.1378
576	1.5318	5.1452
577	1.5358	5.1526
578	1.5398	5.1599
579	1.5437	5.1673
580	1.5477	5.1747
581	1.5517	5.1821
582	1.5557	5.1894
583	1.5597	5.1968
584	1.5637	5.2041
585	1.5677	5.2115
586	1.5717	5.2188
587	1.5756	5.2261
588	1.5796	5.2335
589	1.5837	5.2407
590	1.5877	5.248
591	1.5917	5.2553
592	1.5958	5.2627
593	1.5997	5.2699
594	1.6038	5.2772
595	1.6078	5.2845
596	1.6118	5.2918
597	1.6159	5.2991
598	1.6199	5.3063
599	1.6239	5.3136
600	1.628	5.3207
